0.76712783 -2.3609228 0.40375838 -0.64886083 1.6895483 0.47261359
-0.83283874 1.385389 -0.4326034 0.8089092 -1.7444418 1.8584633
2.1842935 0.077254227 1.3079712 -0.15375315 -0.53036243 -0.80489351
0.56288692 0.6640883 -0.94417734 -0.85583103 0.30606842 0.36564603
0.38868756 -0.69949229 -0.90796502 0.69290046 1.4930075 -0.73456935
-1.0328662 0.32875445 -1.5835073 -2.3105892 1.2171699 -0.053670537
-1.1626286 0.1420662 -1.2577775 -0.00088048158 0.94530134 -0.95685286
-0.02736536 -1.5575679 -1.0519367 0.67015236 0.67764138 0.36774933
-0.030608706 0.7951511 -1.0528494 1.2459742 -0.42557666 0.81347227
-0.024639764 -1.5335875 0.9535077 -0.18837067 -0.68527556 -0.039198016
1.3157204 -0.21270262 1.7646061 1.1767278 -0.23154181 0.4629544
-0.75577028 -1.7501192 -0.73619888 -0.31431529 2.0777473 -1.0601609
-0.70987272 0.40850451 0.58273283 0.76070182 -0.055996283 -0.26316528
-0.32611208 -0.15156696 -0.5243325 -0.59405161 -0.16275383 -0.011435553
-0.32400581 -0.49967109 -0.75072839 -1.0346542 -0.51303399 -0.45098643
-1.1084178 -1.3711771 -0.7238771 0.18983637 0.51184995 1.4886131
-0.11322446 0.26860757 -0.3888499 0.47559635 0.45433336 -0.61631463
0.29775776 0.062392578 -0.40915315 -1.5554088 0.1874092 0.15582847
-1.4397077 0.23067763 -0.21260832 0.33115705 -0.61929773 0.50143975
0.51754043 0.96242815 0.58765265 0.4218097 -0.21311715 -1.6119516
-0.85071931 -0.64680187 0.94431035 0.17250022 -0.89452485 1.1711819
-0.88702078 -0.18474712 0.35420839 0.31281901 1.7950697 1.0976263
0.017372773 -0.50219573 -1.0258712 -1.6011121 -0.93769535 0.078752884
-0.044596224 -0.43899213 0.021587286 -0.65054888 -0.75594321 -0.45877332
-0.77967032 0.14099964 -0.078208767 -0.082197007 -0.60848265 0.40780829
-0.66140679 -0.087894497 -0.10007944 -0.040552377 0.070133186 1.530302
-1.9873805 -0.82455064 -0.26993354 -0.084524586 1.1885883 0.27986697
-0.5411656 -0.14185921 0.22319425 0.19877144 0.44065565 0.31244696
-0.94683471 -0.69681435 -0.18863535 0.83951426 -0.23506621 1.9646443
-0.8563846 0.41351942 0.35908973 0.27835053 0.006334901 1.5111206
-0.39502871 -0.67009574 -0.6570331 0.57855191 -0.6847583 -0.22850145
0.26601901 -0.72065591 0.5086465 -1.8485368 -0.57641083 -0.84588982
-0.1544291 -0.54371141 -1.2342209 -0.78372428 0.65050998 -0.95489945
-0.74947155 -0.63185726 0.29468674 2.0819892 0.061292826 -0.81393947
1.8917681 0.061553318 2.4353188 1.6462474 1.236312 0.25818674
-0.093361739 1.3955596 -1.5729634 0.060668781 0.41490543 0.69326992
0.80804139 -1.7935867 -0.69698067 -0.92917232 -0.84942168 0.68900052
1.8359935 1.5103111 -2.0773066 -1.2521963 0.18211172 0.1536826
-0.17824184 0.13721964 1.8232447 0.17572811 1.0266528 1.7418481
-1.8500357 0.99731155 -0.75689833 0.62567862 -1.5309699 1.6229907
0.18391342 0.1198949 0.21307392 -1.0923027 0.49041128 1.1199622
-0.75330847 -0.41992036 -0.57844082 0.83571041 0.65431848 -0.39836137
0.86656988 -0.23815843 -0.69859941 0.33829222 0.4829867 0.14918527
1.0258647 -1.9921457 1.0482303 0.46225815 0.60571674 -0.80580079
-2.0218463 1.2913596 1.7368155 1.8729868 -0.12887245 0.29156928
0.26831353 0.74131204 -0.86183939 0.49006763 -0.44096179 -0.67794686
-1.1139527 -0.36859146 -0.85633985 0.63414434 0.27310048 -0.9852615
0.94646982 0.80639834 -2.3298039 2.0517465 -1.1200496 -2.016066
-0.60434858 0.6196687 0.19405289 2.1521179 -0.5833588 0.18313847
-0.94154943 -0.11858298 0.75942356 0.33471283 -0.14711317 0.27411649
-0.20425445 1.0023556 -0.51883786 0.041212685 0.72438329 0.95859267
-0.048699695 -1.7551392 -0.046314003 -0.61135641 -0.51866476 0.59360305
-0.29941095 0.67472121 0.085879983 0.91513097 -1.9268331 -1.1099371
0.063011922 0.10887954 -0.13601788 -0.2070981 -0.22028593 -1.3957857
0.85734076 -1.3207746 -0.86979719 -0.17898355 -1.2085719 -2.338247
-1.7266425 -1.121268 0.28051732 1.0949702 1.1317271 1.0772226
0.38553918 0.6463903 -0.082120349 -1.8864147 0.28631055 -0.77753914
-0.92819643 0.19136572 -0.73723852 1.668547 1.0242637 -1.1637628
-0.62326622 -0.082722032 0.72960033 -0.74577335 1.3685095 1.2714992
0.091783509 1.2552871 -0.83315036 1.8083286 -0.78262347 -0.018429407
-0.33665615 -0.46063267 -0.019252764 0.43234856 -0.69654215 0.11584399
-0.27892546 2.9946315 0.67758406 0.8044488 -0.73600457 -0.61244314
1.6519418 -0.72823309 2.2017558 1.2301286 0.2636353 -1.5871517
-0.4921777 0.80337356 -0.76457498 0.67773147 0.089252402 -0.82843538
0.12900049 0.33088075 0.021884851 -0.096676166 0.66524392 -0.66280809
0.49867831 0.0016314136 -1.8449079 -0.30486824 0.14761479 -0.68902324
0.077996941 1.4501108 -0.2989215 -0.75396987 0.32041724 0.61803585
1.3342264 0.54370597 -0.051459892 1.3312466 -0.34109109 -0.36966603
-0.34072726 0.9209331 -0.458589 -0.43109702 -0.028900657 0.59423482
0.9702383 -1.3096862 1.0845941 -0.23066076 0.051685935 -0.158331
0.38076658 0.54654179 1.3531505 0.1904793 0.93166755 -0.36464163
0.57045953 1.5298806 0.66151714 0.94174261 1.8796393 0.36977836
1.7090535 0.24172296 0.53937748 -1.2359302 -0.37020484 1.7455116
1.8233856 1.6276551 0.21041525 0.98492936 0.61942902 0.2931847
0.42647813 1.2466239 0.57685742 0.47783478 0.18249091 -0.044530866
-0.11518051 -0.12327774 1.1205034 0.90240382 1.2302733 0.66187593
-0.72410976 0.11813077 -1.9066296 0.22048944 0.31434211 -1.1930753
1.1839993 -0.37860216 -0.43778831 0.68293885 -0.67282166 -1.3503619
-0.88709362 -1.3548023 -1.9438806 0.66932551 -0.6227436 -0.65198854
0.86255906 -0.086274586 -0.61958623 1.4533228 -0.047225693 0.40624529
-1.1527464 1.4188408 -1.1406484 -2.3761095 0.48928091 0.021867225
-1.620001 -1.8967714 -0.6507154 0.57863536 -0.41019722 0.74017659
-1.0373026 -0.67237881 -0.017703869 0.52692184 -0.16902236 -0.70807649
0.47525709 -0.40492469 1.2283163 2.8418131 1.2032282 -0.26847356
-0.73855217 0.042078746 0.12332123 -0.38156793 0.68662465 -0.15037553
-0.11625075 -0.30953593 0.46762884 1.2400183 -0.49239496 -1.3646771
0.78367762 -0.56424686 -1.3580469 0.63304738 0.91726203 1.1811455
-1.4138283 -1.9736247 1.3000527 0.92839721 -1.2164356 0.020018634
0.67556633 0.38544766 0.83493853 -0.617176 0.7260772 -0.046169284
1.3529522 2.1061468 1.5243244 -0.86327526 0.88338757 1.9550032
1.7299803 -2.283812 -0.15318108 1.2040794 -0.37988778 2.0666909
-1.2832401 0.88514971 1.7810966 0.024655958 1.0286857 -0.63850699
0.36257804 1.4817252 0.45091421 0.57811027 -0.47104553 -0.87059809
-0.7986631 0.6738448 0.11301648 0.95819968 -0.16066103 -0.32877508
-0.12519566 0.75581508 -0.37024933 -0.066684863 -0.56449813 0.6792301
-0.79561323 -1.3108808 1.4711424 -1.4943679 0.011338116 0.059698184
-0.43891197 -0.89036559 0.081276033 0.69370957 1.4727909 -0.29783424
-0.18070308 -0.090153832 1.5024846 0.40800887 -0.37860545 0.044253905
1.0154842 0.59497001 1.2488413 -0.68827383 -1.4348462 -1.0842195
-0.51768942 0.98680679 0.55391209 0.53057749 0.41487991 1.1551425
-0.89497624 -0.8496752 -0.37351397 0.29779895 -0.98884945 0.55409092
0.53850604 -0.25957943 -0.47707655 -1.7296657 0.60457748 -0.6523259
-0.27359987 2.0383666 0.30013907 -1.1015956 -0.31054794 0.60237151
0.62683335 0.9010396 1.7869315 -0.55818247 -0.58244286 0.40390989
-2.259591 -1.893055 -1.120813 0.21375392 -0.25345473 -1.0530566
-0.72454043 -0.047230477 -0.096668805 0.017679327 0.19129852 0.69469675
0.55270113 0.17572973 -0.064872736 -2.4602116 -0.7051084 1.2268862
0.78934006 -1.6860224 1.2786938 0.82529917 0.22810441 0.8725154
-1.1279315 -0.80802615 -1.3619495 -1.6397588 0.66435781 0.89737906
-0.87291826 0.95431209 0.1860791 -1.3056629 -1.607082 0.31364413
0.98128023 0.26239653 0.21556122 -0.37834992 1.3181172 1.9645548
-0.79012148 -0.049521119 0.76263008 0.74145309 -1.0635878 -1.1658255
-0.40958178 -1.9003572 1.7533422 1.7045791 -0.39774027 0.67240045
0.36954631 0.7587039 -0.48224176 0.70765199 1.9926102 1.4602054
0.49832793 0.43433554 0.4930603 -0.95054913 -0.26210248 -0.54494926
0.50745575 -1.2016537 -0.60223984 -0.24972733 0.73260486 1.1039665
0.12963756 0.84246235 0.55265502 0.2349975 1.4544924 -0.47053811
0.46184694 -0.24248079 0.22392153 1.0670957 0.67086245 0.80867397
0.63518622 -1.0466128 0.23054946 -0.49971087 0.94313943 -0.61049476
0.21718942 -0.18366793 1.0556823 1.8188617 -0.078668085 0.3891476
0.41356622 0.32869994 1.3071763 -0.16990953 0.26853487 -0.093379705
-0.25265125 0.86525074 0.16058616 0.68883888 0.57366498 1.6763646
0.3503826 0.33703672 0.17438029 1.1831495 -0.31266927 -1.3389636
-0.28941417 0.268975 0.88063011 0.49591403 -1.2613435 2.0327261
0.011568494 1.4345232 0.93390687 1.9595859 0.79125567 -0.98747073
0.38504985 2.0019365 0.021487012 -0.87799655 -1.0215112 0.39909455
0.942987 0.66100328 -0.26758699 -0.37854675 1.7158203 0.72745302
0.011420692 0.12258134 0.8589061 1.1319604 0.98794995 0.31701722
0.46913492 -0.56743852 0.41490903 1.9440673 -1.5790099 0.64053038
-0.49874881 0.90257415 -0.19526616 -0.67431899 0.3920918 -0.44932875
0.46071917 -0.51168544 -0.3888598 0.050327006 0.78877839 2.3330042
1.1507973 0.085950734 -2.1276617 -1.4837462 -0.33077665 -1.3880832
-1.1247235 0.38373351 -0.36418581 1.3827849 0.8996578 0.89162891
0.40513067 2.168979 -1.0601511 -1.3066095 -1.0673655 -1.384459
-0.07860586 0.78349079 0.10669497 -1.4553796 -1.0003781 -1.3341621
-1.0481406 1.3275796 2.5060513 1.2214273 0.16449309 -0.47474767
1.7319968 -0.92141805 -0.1877114 -0.13964979 -0.47256086 0.58437145
0.98474743 0.12665335 -0.12935044 -0.19756081 -0.6061844 1.123343
-0.23039939 1.0895297 2.3704768 0.20161929 -0.0064910683 0.22386454
-0.8966312 -0.56052182 -1.1167351 -0.56350226 1.9034 0.081968656
0.25820475 0.20380292 -1.4090317 -2.3766666 -1.0158602 1.1574319
-0.40830705 0.39064017 -0.52931874 1.5548172 -0.21272063 -0.84686246
-0.51510783 0.047054123 -1.532632 -0.61959188 0.41693301 0.41183102
0.092064432 -0.27704454 -1.3926126 -0.46825527 0.014012325 -2.1195065
-1.1840405 -0.44640427 0.21245651 1.4681101 0.92155624 -0.39127274
1.2003854 -0.54404076 0.10483528 0.088260375 0.086689513 -0.82580048
0.80987647 3.6327401 0.6241797 -1.2360064 -1.3310147 0.01592184
-0.13097633 -0.71286836 1.928018 -0.49176055 -0.98277454 -0.8394455
-0.73281692 0.081837902 -1.476949 0.74171452 -0.81652156 2.6698376
-1.5699708 -1.7304106 -0.14885961 0.25893917 -0.80216241 -0.14513826
0.46840702 -0.69427876 0.17526827 0.80142238 -0.37159389 -2.0560625
2.0875535 -1.335683 1.1746571 0.35141285 0.069878631 0.18317571
0.62786309 1.9513358 -0.35384257 0.41491917 -1.1639871 0.33154973
0.61768515 1.4580138 1.0754821 0.072269364 1.1650514 -0.30366941
-0.09923971 0.098688408 -1.4600252 -0.66314589 -0.26987821 0.23886844
-0.15142381 -0.5935106 2.0930074 -0.11197031 0.22487124 0.016528029
-0.69786889 -1.2152503 -0.067406276 -0.21052056 -0.10465968 0.055561225
0.50228531 -0.0031053686 2.077428 1.0994822 -0.58323953 -0.97540794
-0.3025 -0.23037021 -0.46344268 1.9971708 0.63032284 -2.1408934
-0.99274414 -0.35114042 -0.38301124 -0.5780341 -0.48157499 -0.54984915
-0.39027623 2.9503613 -0.11839843 -2.2038984 1.069266 -1.1744017
-0.48425238 0.75278808 0.22775129 0.76201327 -0.30138288 -0.50895171
-0.27387194 -0.78035896 -0.79763878 -1.2319404 -0.38076369 -0.32549549
-1.1150137 -0.27821265 -1.9052073 -0.65298457 0.083361116 -1.884742
0.41415964 0.6109048 -1.7926991 -0.80847617 -1.9095666 -1.8389449
0.068887039 0.60282424 0.28067291 0.29232994 -1.0600755 0.4514927
0.33449012 -0.21023264 1.7713205 -1.1135095 -0.6232403 0.57481197
-0.79981779 1.122936 -1.2669095 -1.2665154 1.772914 0.30577955
-0.29653023 1.0288531 -2.4202922 2.0258516 -0.16767981 0.68823663
2.0025708 -0.71136236 -1.2654218 -1.3322843 -0.63272503 0.32136079
0.27615283 -0.46949741 1.5827132 1.2799227 1.1092936 0.55490647
-0.60692529 -1.0217427 1.117849 1.2010148 0.99523724 -0.11719946
-0.50859249 1.5296085 0.98328545 2.7798416 -0.11502701 1.5659973
-0.014890337 -0.37050855 -2.1361624 -0.72714597 -0.73829412 -2.7265472
-1.1413147 0.45793433 -0.54451659 -0.85809392 1.3477094 -0.16408809
-0.01577083 -1.0768285 1.1854337 0.72607699 -1.1834319 0.96468152
-0.02296456 -0.008940098 1.12425 1.4301418 -0.61918367 -1.8111224
-1.4268785 0.074618942 -0.70021042 -1.867708 1.0559366 0.05998122
1.5138237 0.41843579 1.0772517 0.94943467 0.94298083 0.7549104
0.45128586 -0.76202942 0.87249496 -1.2661654 -0.39455562 0.32047042
-1.5968071 1.9867794 -2.0477933 0.5272097 -0.92681604 -0.22041436
0.49462682 -0.56554058 0.61397008 0.49874931 1.0773574 0.77330187
-1.4649922 2.3260308 1.4430186 -0.17147709 -0.27671142 0.90533162
-0.086942516 1.336088 1.1975001 -0.098252757 -0.091773827 -0.8733667
-1.5862684 0.33055662 -0.59934582 -0.48055637 1.6008494 -1.5330024
-0.079934911 0.091326514 -0.63489033 -0.8231903 -0.86179432 0.67923332
-0.043815881 -0.12655759 0.070471145 0.79050286 -0.40639831 -0.2007686
0.038646652 -2.2075539 0.18643634 -0.18741242 -0.22069104 -1.0200041
-1.1453422 0.88108265 0.46395972 -2.6126203 -0.0070319214 1.9325817
-0.2060607 -0.63097529 0.78968574 -0.39274073 1.3095886 1.220866
0.22004418 -1.0388449 0.56584325 0.44916363 -1.0967727 0.47258932
-0.15786633 -1.6847847 -2.3144082 -0.24420084 1.3592923 1.0157799
0.048594575 0.47826974 -0.24640642 -0.5723884 0.85198126 -0.3647731
1.1086925 -0.12341607 -0.34824746 -0.25929188 1.2489053 -0.062422436
0.14281966 0.79500642 0.022828681 -0.2735511 0.21292253 -0.25989953
0.15833378 -0.1658452 -0.42146321 -1.9255864 1.3914002 -1.2347829
0.82286836 0.71076378 -0.05541954 -0.70005141 1.3122308 -2.5444292
-0.71117279 0.16441918 -1.5338379 0.81307226 0.045854925 -2.0856924
-0.77640656 1.1204105 -0.94167848 0.29728909 -1.5641359 -0.45082347
-1.0015611 1.2405366 0.28797834 0.65658701 0.46498547 0.11778497
2.0254741 -0.12940178 0.18877824 1.2265079 2.258806 -1.0088317
0.51435152 -0.9404204 1.9761031 -3.217197 0.97880801 1.0094915
-0.22032785 0.33496808 -2.9340697 0.20485719 2.2181866 -0.58153239
1.3508675 0.79875957 1.0754322 -0.15184786 0.58504585 -0.22826081
-0.1081127 0.18430223 -0.27631312 -0.6783117 -0.77833105 -0.67730611
-0.65208096 -0.49536312 -0.21579183 -1.1547327 -2.7858628 -0.70908528
1.9546231 -0.47464071 -0.69996563 -0.17805168 1.4015196 0.096675204
0.65092813 -0.88311356 0.76862305 1.0964783 0.037388431 -1.0674971
-0.91123328 0.59521948 -0.44745136 -0.7283111 0.32324292 0.20592583
-0.56276819 0.69824579 -1.4079983 0.39697909 -0.59801432 -1.3781117
0.52437398 -0.035125833 -0.91116859 0.77479942 0.4061908 1.5382057
-0.52440684 0.089298967 1.1103621 -0.097800067 -0.60737052 -0.12691657
-0.26094117 -2.6237568 -2.3285692 -0.70652476 1.0301336 -0.42338381
1.4204415 -0.39439426 -2.0222898 0.16989399 -1.1815644 1.6553575
0.45331151 -1.4186688 0.75100312 0.67801482 1.374681 0.61814726
-2.1657594 -0.54925596 -1.8579797 -1.8219194 -0.30136234 -0.14324173
0.096638057 -1.4428055 -0.67943301 0.038274659 -0.81246724 0.9014251
-1.5781969 -0.52235702 0.053140284 -0.097336942 0.60906508 -0.93897034
-0.11415866 -2.056197 1.521398 1.1359383 -2.0050432 0.78399557
0.36302591 1.3147163 1.4596489 0.021044598 -1.5886165 -1.5663059
0.67894564 1.3373831 -0.99316605 0.3192471 1.6493835 0.092810492
-0.83743372 0.15797426 1.1323434 0.17057361 0.095478477 -1.0123287
-0.08542668 -0.22836052 1.2193138 0.092689052 -1.6625864 -0.81382519
-1.5673247 0.31344265 0.37289743 -1.0591606 1.4052484 0.90933261
0.03104818 0.76138489 -0.29389643 -1.9820467 2.4928157 0.7592428
0.34387792 -0.59575164 0.27704864 -0.082300111 -1.6056727 2.2105543
0.94460962 -0.71469881 -0.47837651 -0.47882123 0.20743331 -0.73835455
-1.3555252 2.0647149 -0.12607928 -0.72315281 -1.2598293 -1.0468096
-1.0090766 -0.096825341 -0.016735453 1.8772383 -0.31979244 1.3648834
-1.0186126 -0.37856441 -0.76582549 1.1455975 -0.91072334 -0.39429862
-0.47879606 -3.136638 0.12969913 -1.7283483 -1.4367645 -1.0712089
0.28577604 -0.95032389 0.34173409 0.89945962 -0.63500639 0.29041109
-0.79106264 0.35354039 -0.6111975 0.48042315 -0.788192 -0.40502296
-0.0054180317 -1.5251581 -1.1784105 -0.83312483 0.43877276 -1.0445198
-0.46956455 -0.22379212 0.89301926 -1.7458493 0.52721122 1.9768205
0.37819969 -0.0046605206 -0.91111936 1.4186683 -1.3003096 -1.2270165
1.017457 -0.80543754 1.2443545 0.082915127 0.95629386 0.28223901
0.48629727 -0.03754985 1.2611602 0.2014718 0.65628436 0.18959064
0.72814957 0.27840459 2.3658162 0.92856983 0.96106921 2.0209736
-0.10508445 -0.056542235 -0.7919131 0.30670316 1.4329975 -0.10144626
0.69503444 0.57824414 -0.83230595 -0.066413937 -0.58781523 0.72001909
-0.16975931 0.93516036 -0.85916905 0.61961485 0.69868066 1.8101628
-0.25765169 0.69779823 -1.0598726 -1.5884958 -0.29390462 0.40709747
-1.2836557 -0.29643363 -0.36125667 -0.27034237 -1.3457249 -0.88057485
-0.11188335 -1.6294352 -1.818683 -1.1069105 -1.2029126 -0.70721794
-0.91566602 1.5959897 -1.8215829 -1.9882845 -0.13033437 0.31358539
-0.40843586 -0.52677252 -0.81675976 0.26493133 -0.14623955 0.28245068
0.027280214 0.11620114 -0.16196697 0.012524919 -0.11245271 -0.32751876
-0.00762694 0.75106464 -0.39205054 1.4885926 0.41871225 -0.30297537
-0.70871295 0.34403663 -1.7743419 1.1317287 1.8002282 0.35266039
-0.094089426 -1.1862783 1.3925094 -1.2466015 -0.48236054 0.41431698
-1.2955977 -1.1277948 0.18590175 -1.352037 0.59332237 0.45795881
1.0881256 -0.95896011 0.19041548 1.0142746 1.6941242 -1.3228721
0.28318713 -0.41088949 1.6829115 -0.20478765 -0.014487268 0.35992731
0.31856894 0.74554854 -0.21262482 1.2472282 -0.8504039 -0.093963416
-1.1170874 -0.56713792 1.3887797 -1.9341116 -0.64374792 1.0042259
-1.875753 -0.68950752 0.85214401 0.14423711 -0.054218195 -1.099427
-0.4068067 -0.93947129 1.3841531 0.29112035 -1.4458809 -1.1296944
-3.0790073 0.97778708 1.7913362 1.9666343 -0.023182789 0.64629844
-0.62943483 -1.171865 1.3290693 -1.3886645 -0.61532923 -0.031080834
0.2468566 -0.16497349 -0.63023558 -0.96318809 -0.90664892 0.37761003
0.099822898 -0.7049354 -1.3337259 0.90420119 -1.4134187 0.60243397
-0.80609608 0.64494299 -0.84855703 0.32034259 1.1887249 1.802508
-0.39586387 0.38598085 -0.10022926 0.54946329 0.028983409 0.84794582
0.41675269 0.50524184 1.043892 1.1087021 0.98683751 -1.4481759
0.79171819 -1.0997146 -0.27333465 0.90205763 0.70147503 -1.325863
-1.3695874 -0.10188033 0.11370693 0.61256908 -0.80059757 1.7410379
1.4070611 -0.34323279 -1.1436785 -0.34021951 -0.71804094 0.031127024
-1.225719 -0.51465685 0.51218939 1.0589591 0.91374523 1.3036426
1.5529409 0.85763967 0.39122837 1.0969235 -0.69604396 0.48606895
0.48273152 0.57267888 2.1264615 -0.7886671 -1.0915848 0.5960001
-1.1941007 1.8963193 0.92661828 -1.0823343 0.6081485 0.98713106
-0.37543682 0.57565415 1.4552997 0.9068146 1.6732235 0.19386905
-0.065268205 1.3206728 -0.86477388 -1.0585373 -0.31611389 -0.93256951
-0.37783173 0.18226477 -0.63892977 -2.897047 -1.47787 -0.56017787
0.99752034 0.65356368 -0.16444239 0.33503621 -0.74418624 -0.59726196
0.51332998 -0.015660863 -0.38106463 -1.9584865 -0.56254297 0.37546283
-0.36936597 -0.043091324 0.48314505 -0.94977716 1.5809024 -0.38382012
0.11144673 -1.4694664 0.23501449 0.40999763 1.0004297 0.93526649
0.73116705 1.0253854 0.57162422 -0.29751891 -2.0686904 -2.007519
0.85144061 -1.4483723 -0.79871249 1.6245945 -0.53715589 1.4903123
0.36651943 -1.1688408 0.54146372 -0.14265455 1.3971227 1.1658796
0.050626688 1.4747882 1.0340848 -0.038401066 -0.59789507 -0.33211952
-0.020110909 -1.029243 0.79548503 -0.32230692 -1.1039759 1.7220509
-0.41478166 -0.23813342 0.15786262 0.45390952 -0.61167565 -1.0220735
-1.0805312 -1.4191716 0.80846893 0.22492792 -0.57509951 0.85352123
-0.020462486 -0.22223617 -0.12797161 -0.022996488 -1.0598724 0.40900696
0.014999673 -0.20271929 0.081068371 -0.82787832 0.26329838 1.5215794
-0.63496619 0.17872731 -0.0014752199 -0.49909978 0.40367356 0.56658742
-0.58438873 -1.0802115 -0.031656867 -0.90251661 1.2781762 -0.42912088
0.069983668 0.4205348 0.26011976 1.2843241 1.3887454 -0.87979859
0.70247918 -0.024740219 -1.4692581 0.32745143 0.036538647 0.85006609
0.48735548 1.1669466 0.49463249 1.263147 -0.95174135 0.095226456
-1.3284421 0.076335401 -2.2835783 0.44449638 0.2819063 0.31144249
0.22679108 -2.1160585 -0.43959751 -1.8023866 -0.88275971 0.46124484
0.22057341 0.102667 0.55589822 0.044377447 2.091581 -0.54538164
0.44805648 -0.44218805 -1.2013869 1.4716692 -1.8206465 -0.26155388
-0.17526913 1.100189 -0.60358054 -2.0090195 -0.068819755 -0.078634566
-0.24411825 1.6300454 0.01642923 -2.1458176 -0.29677541 1.4334594
1.8148033 -0.79766024 1.6558899 -0.45658292 0.11494057 0.84768392
1.6149323 -0.90756697 1.1849405 2.3679225 -2.0875458 -1.0896025
2.2837303 0.45444581 0.80351288 -1.083516 0.71751323 1.1213402
0.010544241 -0.38958451 0.31951964 -0.34688701 -1.836801 -0.39120438
-1.0009032 0.59910595 0.95237867 0.43287933 0.46420373 0.6588974
1.361635 -0.12146165 -0.2765616 0.72230287 0.90552096 0.72813671
0.048254749 0.60838232 0.89202047 -0.087097986 0.56184939 -0.2885103
-1.1170764 1.4787974 -0.28229688 -0.39307572 0.4504914 -1.7601122
-1.4519086 -2.2989996 0.019106111 -0.62627641 0.56091288 -1.0667671
-0.132519 -0.33610214 0.015741244 0.55872384 1.2396741 -1.0656942
-1.3444548 -0.19576849 -0.29015223 -0.023496732 0.45240919 1.0630965
0.25890702 -0.44501248 0.34523239 -1.4593509 0.12122039 -0.13993376
-1.4605714 0.31483497 -0.21745216 -1.2412757 -0.84317532 -0.78013758
1.3858948 1.1985924 1.9373277 -0.084908937 0.1359798 1.2535499
-0.063885534 -1.3235826 1.5724846 -0.3784413 -0.82210754 -1.2726053
-0.7098643 1.6034368 -1.3446397 0.88446129 0.1054162 0.78773014
0.1992161 -0.51003552 -0.49199163 1.8796766 0.97034091 1.3694259
0.69782211 1.196471 0.13211625 -0.79984995 1.0470067 0.53881671
-0.79789773 0.29944527 -1.7269627 -0.5050339 1.3779295 -0.61635926
-1.1913714 1.878271 -0.53535413 -1.4904873 1.5413867 -1.7785719
-0.50572402 -2.9059835 -0.98453264 0.90680665 0.70225566 1.6666188
-0.50575088 1.6795376 -0.85200302 -0.062714116 0.78234819 1.8359222
1.2015772 -0.63310353 -1.0233172 0.16680171 0.2923609 0.31128376
-0.51555443 -0.52447082 0.036690137 -0.55936923 -0.66213745 2.2435552
-0.44192417 0.16416134 -0.60261456 -0.062681019 2.8976915 0.6174204
-1.6408893 -0.78411141 -1.4056649 0.41824189 -0.57828915 -0.94181458
-1.4821824 -1.2795087 1.1769033 -0.10546228 -1.0931395 -0.13087714
0.061253661 -0.88477257 0.22174943 1.7770932 -0.55871752 -0.22951737
0.93257472 -1.5357221 -0.79832742 0.7696255 -0.81911534 -2.3008607
-0.08090085 1.0327047 2.5311083 0.075523082 0.009298057 -0.71881622
0.036878816 -0.4808745 1.4597644 0.40997649 -0.56268198 -0.49444728
-1.4745825 0.92098874 0.90954611 -1.4493586 1.2503093 -0.63044362
0.67293764 -0.66380661 0.70699857 0.75140042 0.030068869 1.2927674
-1.0254263 1.1890915 -0.54714786 -1.2279313 1.3699506 1.3464662
0.5080375 -2.3604846 0.065893607 -0.52180154 0.38426477 -0.7957753
-1.1239461 0.93379438 -0.35171199 0.87769402 -0.38734876 -0.4465033
0.68276048 -0.36479583 -0.30471786 0.030176632 1.1802192 0.28746945
1.4887778 0.099827768 -0.35661357 -0.70466361 -0.42264369 -2.1357374
0.032995189 1.3908289 -3.079007 1.1378221 -1.4357795 -0.28408006
-0.85692094 0.58006847 -0.61412337 -0.93893111 -1.3034889 -0.015143223
-0.59225509 1.8098815 0.16119805 0.92949668 -0.5895512 -1.2975644
-0.11991255 0.66472912 -1.2485373 1.541867 -2.2138514 -2.1804858
0.42327451 -1.7905087 -0.92183095 -0.6448742 -0.01839487 0.64624943
0.059724818 -0.54252329 1.7343975 1.3881036 -0.4937035 -0.04922638
0.32775267 -1.3855994 -0.21118119 -1.1819313 0.85222126 -1.3326261
0.03187942 0.44564493 2.0265682 -0.43980238 1.4812593 -0.12621255
-0.54306523 1.489361 -0.12622948 -0.15096561 -1.163504 1.6479807
-1.7302702 2.0209809 -1.4885873 -0.19206022 0.051362496 -0.71433034
-1.5909877 0.15628971 -1.0780484 -0.32728201 -0.23602105 1.3509289
-0.34727386 -1.7901131 0.69636788 -0.66207993 -1.1994426 1.0870662
-0.32653237 -2.1101887 -0.59324132 -0.68060717 0.63203326 1.2663561
0.030414701 -1.2429583 0.89236734 -0.24675025 -0.17306892 0.69969431
0.46422856 0.82526337 -0.50785393 -1.9319023 -0.0053632918 -0.63067301
-0.21344448 -0.995583 1.8200079 -0.1334668 -0.70314611 2.2878086
0.10331415 -0.83236702 0.23523382 0.25962016 0.86803642 0.21453105
0.22637421 -0.49984842 -0.33591146 0.97010293 -1.3766559 0.72776484
-0.50423388 1.9050478 1.6372676 0.37128278 -0.43362632 0.35000772
1.6112824 0.40802598 0.70005217 0.10237456 -0.37260584 0.24079071
1.3890493 1.4553651 -1.4187676 0.97427169 -0.77871202 0.44822273
-0.81513997 -0.84798628 0.46069222 -0.20102923 0.60294177 0.14780306
-0.38082464 -0.64622486 -0.9583022 0.8518984 -0.16891273 -0.54373557
0.50606816 -0.082952496 -0.38330096 0.95820981 0.45890451 0.57397035
-0.23112401 0.10942485 0.22470601 -1.2368845 -0.61387845 0.9910265
-1.2723948 0.18306958 1.4065632 1.6095826 -0.76095413 -0.32939414
1.4107376 1.2790656 -1.4383552 0.37083502 0.88587057 0.059872224
-0.64246868 0.53960029 1.2320906 0.25171046 0.96088004 -0.72429974
1.1528646 1.9263042 -0.050175395 -0.17774378 0.20986402 -1.4826841
-0.9852689 0.68155708 1.303173 -1.1215681 1.6856772 -0.12763497
0.87618916 0.13461254 -0.18285147 2.2592811 -0.67663091 1.7715752
-0.034174737 -1.0265021 -0.22077363 -1.3664248 0.048903789 -0.48735769
0.86608925 0.18209785 -0.41961707 0.37845199 -0.069866609 -1.2915036
1.8007259 0.2021907 0.32306471 -1.6279371 -0.82370135 -0.072973118
0.5185641 1.6954236 -0.096222348 -0.099850249 1.4832645 -0.75560505
0.6248857 -0.75086307 1.5470032 0.18184641 0.31783284 -2.0175878
1.4345551 0.98549599 -0.35049418 -0.19675118 -0.66997897 1.225629
-0.68166869 0.9054275 -0.90995187 0.19815959 1.226845 -0.30539798
0.018766856 -0.73998061 0.31918072 -0.49811592 0.21693704 0.24477665
0.53206359 -0.86244618 -0.86510919 0.98538821 0.91276161 1.8122589
-0.46435027 1.127883 0.99049569 -0.77704041 -0.012884995 1.7892386
0.41725958 -0.051866264 -0.31783725 -0.44750835 -1.3931008 -0.52345863
1.193856 2.2338856 -1.3356591 -0.24286626 -2.5363213 0.97816343
0.74638964 -0.63835344 -1.4123631 -0.56333301 -0.20459703 0.41516443
-0.091386613 0.014016602 0.23761334 -0.59130565 0.84692532 0.91761712
-0.61114141 0.65166362 0.89376094 0.033676584 -0.12799713 0.33761141
-1.1257393 -0.22754361 -0.17018003 0.18427091 0.049398151 -0.51643952
-1.498504 -0.52033169 1.0131448 0.18197916 0.11936294 -1.2604864
2.4154767 -1.271031 0.92467411 0.58498628 -1.3927305 1.0507051
-0.49338627 -0.53849411 -1.7442096 -1.3818015 0.82926994 -2.2774447
1.0951031 -0.62990385 0.0080997521 -0.90867128 1.5433875 1.4704182
1.4779196 -1.7852572 0.26633305 0.57837768 0.476295 -0.41622603
-1.3087027 -1.5451615 -0.84744139 -0.59480756 0.29819431 0.56491797
-2.2546061 -0.42550887 0.64818547 0.085799765 0.56479233 -0.35979549
0.50364026 1.5122398 0.57843926 0.17571947 0.45022578 -1.1025022
2.1374284 1.048035 2.9956513 1.0403283 0.67564405 1.0572526
-0.45503829 -0.36983758 0.35990508 -1.0649138 -0.16861918 2.5589395
1.5507498 -0.16437358 0.56715533 1.1086343 1.9577416 -1.640671
-0.41083868 -1.5595997 0.95817633 -1.300342 0.93218483 0.17684698
-1.2397626 -0.6658915 1.5954142 0.68212588 0.7521651 -2.3321771
-0.39278496 -1.0864891 -0.29540507 -0.46124111 -0.14736264 -0.2771126
-0.46157767 0.096596114 -0.1285164 0.17999852 -0.93894307 -0.6676208
3.4839773 1.7792213 -0.86381028 0.58799385 -1.0561573 1.0875227
0.13851394 -2.1590632 0.39013505 1.7251646 -1.0371276 1.2020805
-1.308708 0.1318072 1.6480978 0.47536769 0.78181983 -0.24720419
-1.2032801 1.3093671 0.54799534 0.52810846 0.72380198 0.070848052
0.9990977 -0.97590073 -1.6958568 0.58198606 1.3615427 -0.95898787
0.56912633 0.40573444 -0.35928437 1.6963197 0.76619299 -2.3431424
-0.96782344 -0.036598559 -0.43671644 -0.10988855 0.72036614 0.13239489
-1.696366 -0.58466442 -0.1156765 1.373576 -0.42046522 0.23009269
1.6899832 1.3950734 -1.5572091 0.12969988 0.42928599 0.53121239
0.25876053 -1.4687174 -1.7242732 0.81111586 -0.97347611 -0.67249922
-0.51645318 0.70858401 1.2099715 -0.90946392 1.0696255 0.18115757
0.61830118 -0.82396883 0.50054708 -0.20436422 -0.41092462 -0.054656046
0.049893721 -0.99744924 0.14764067 0.51731483 0.046078663 -0.50790597
0.25255128 -0.5390984 0.83149734 1.0251109 -0.72354414 -0.1304294
0.82793066 -0.28167224 -0.7185852 0.0058213786 -1.0362462 -1.7325412
-0.26762341 0.57919636 1.1277532 0.31245756 0.93335311 1.6629125
0.13885002 0.052764124 -1.175797 0.27694797 0.07690799 0.73761367
0.46701707 -0.046421486 1.3559572 1.0668984 -0.45673351 -2.2021188
-0.07400283 -0.051496893 0.97824104 -0.9470539 -0.85183199 -1.7200315
0.13991851 1.1847917 -0.54818265 1.2541502 1.1909891 0.94163213
0.86045162 0.44236508 1.218775 1.2615135 0.46127319 0.34465487
-0.17792305 -1.3015815 0.1371272 -0.93950744 -1.0238564 0.43806513
-1.5608788 0.77003189 2.4466039 -0.044696627 -1.0823503 -2.4437469
0.21514296 0.6795978 0.51124285 1.7268087 -0.55271064 -0.068006215
0.75873141 0.53693292 1.1520494 1.5116848 1.0619279 0.97720556
1.498367 -0.015190637 0.76092984 1.7521681 -1.7738885 0.44886742
-0.94878328 -0.88502535 0.0074095969 0.051917781 -0.26747158 -0.83446196
0.35891599 0.17158203 0.46203535 0.84164419 1.0608012 -0.32904821
-0.75025816 -0.065287734 -0.65157823 0.55114998 0.61579135 1.1641158
0.81508587 0.77049113 0.91164069 -0.20412674 0.636126 0.13124079
-0.47106274 0.55765025 1.742241 0.87800835 -0.17001067 0.54205511
-3.3508394 -0.45831584 1.09428 0.34016828 0.39098277 0.80859639
-0.5730935 0.68382783 2.6456478 1.9353286 -1.1979205 0.15989922
-0.13320321 -0.40038289 -1.2031059 0.69311179 -1.0504899 -0.9555467
0.88757334 0.98724434 0.25199368 -1.2098396 1.1355389 -2.7590624
0.52900397 0.67031171 -0.49749967 -0.14735572 -0.097339508 1.2300778
1.0787099 0.52227389 0.13047937 -0.019465237 -0.68948116 1.1427581
-0.30781707 -0.27681229 1.072451 0.87640251 -0.17774335 0.20837131
-0.47008825 0.27247135 -2.171993 -1.8683139 -0.75516744 0.28074709
-0.070442272 0.66829546 -0.35828102 -0.022504601 1.0946995 1.4000621
-0.42699372 -0.78399097 -0.50981342 1.5932118 -0.43265223 0.85562042
-0.26642925 0.72178922 1.646312 2.1598276 -0.42378127 -0.91026192
1.1981522 0.11978158 0.49215396 -0.14277522 -0.49034476 0.28314088
-0.81990761 -1.0809939 -1.1719879 -0.39416723 2.5082048 -2.948812
-0.48503743 1.3758577 0.076079938 -1.109858 1.1973007 0.3940815
1.4650599 -0.048761302 -0.85352637 -0.86194159 0.94801844 0.052663754
0.68459049 -1.5562801 -0.96044687 -0.17872598 0.51001833 -0.46878597
-0.38395379 0.73019411 -0.43014722 0.67919414 0.21031784 -0.34702127
1.2302549 0.84478428 0.093635054 0.21431726 1.090633 -0.34516646
0.014451325 -0.97493768 0.50303431 -0.1645355 1.4005672 -0.095700344
-2.7663331 -1.7980602 0.23021373 1.8776238 1.8480863 0.44817862
-0.29690003 -1.4858246 2.6585568 0.45765977 -1.1913272 0.16752085
0.59633797 0.47690465 -0.8574107 0.44688563 1.12506 1.0837529
1.6624429 0.28576657 -0.85482471 -0.31239365 0.91772624 -0.60324707
1.3927134 -0.12138697 1.7955725 0.80888441 1.788333 0.075799132
-0.72169926 -0.092933678 1.5670728 -1.8722495 -0.003053731 0.60660188
1.0337754 -1.3541439 0.055812757 -1.3469519 -0.19105862 -1.355398
0.026650853 -0.60903438 -0.015052796 0.84483459 -0.5622907 0.19115743
-0.064150075 -0.29752932 1.0302567 -0.54840041 -0.13553427 -1.0234928
1.9304534 0.1864236 -1.169385 -0.51604848 -0.74253653 -0.015711135
-1.3843381 0.47608185 1.7721242 -0.38485125 0.560239 0.31985194
0.38762374 -0.49099606 -0.57138194 0.34787998 -0.07360344 0.20325557
-0.80653694 1.1380613 0.92701944 0.096424858 -0.24395271 0.86082284
-0.66872715 0.067890938 -0.63020615 0.039218485 -0.43651743 -0.14315168
-0.97269608 0.94169692 0.14141502 -0.69327649 -0.026153027 0.98280891
1.3732135 1.3677469 -2.8413246 1.2538307 -1.8919873 1.5300852
0.73546462 -0.19941817 -1.555742 1.0315364 0.26027623 1.395162
-0.52699586 -1.7312618 -1.076294 -1.0260025 -1.0157843 -0.9352586
-1.8205904 -0.56455512 0.51692588 -0.14433795 -1.0811577 0.73730525
-1.9782297 -0.30360881 0.58532522 1.6953128 1.5983234 0.54057859
-0.071572783 -1.3031384 0.66578434 -1.0489968 -0.2720599 0.38648167
0.29555991 1.3969784 1.6625894 0.26060417 -0.047514132 0.36283486
0.36530639 0.93236847 -1.3340519 1.1889801 0.34637005 0.43756893
-0.54752672 -0.9047088 -1.4291326 0.90369865 -2.1349458 -0.2337578
0.23105162 0.30037035 -1.1870142 -0.19485016 0.37099223 -0.099155223
0.94252208 -2.4120319 0.2671208 1.1826259 -0.36379086 -0.22339522
1.1579762 0.20699101 0.58075147 -0.69899669 -0.69513881 -1.3022134
1.4128222 0.75281679 1.2164523 0.83249943 0.52021241 -0.91027467
-0.55363675 0.46125334 -0.26065912 1.3870338 0.7335011 -1.4039057
-0.90360218 0.45932228 -0.93868059 -0.48848656 -1.1066377 0.31729546
-0.12214757 -0.78757927 0.48170626 -1.7724866 -0.097107262 1.185774
-0.54760701 -0.42749342 1.173483 -1.1419167 -0.0090920365 -0.83395092
1.2547262 -0.080568829 -0.056360842 1.0335959 0.003457141 -1.2131672
0.67849416 1.1097053 -0.32342758 0.54220727 -0.046274924 -0.18128143
-1.6100917 0.40039383 -1.4055317 0.33240578 -0.67997123 -0.78190746
-0.7464516 0.44122748 -0.54499794 0.86420595 -2.181812 0.22292485
-0.47652461 0.51819914 0.38591986 0.68858369 1.0544949 0.17387898
-0.8886831 1.960856 -0.21652844 0.46232075 -0.9819059 1.0062979
0.52749915 -1.3972836 -0.93987522 0.22194142 -1.1178048 0.68810344
-0.54540676 -1.6152094 0.327195 -0.79926495 1.2338919 -0.16958217
1.9330111 0.26264659 -0.74372351 1.6534653 -1.1658227 -0.66119814
-0.5329547 -1.4091772 2.1022589 -0.60495466 0.080182725 2.0142013
-0.80013729 1.4133408 -0.19379074 -0.24555132 -1.0641284 0.73223447
-0.35514835 0.20895314 0.69683049 -0.48714621 0.81935292 2.0630052
-1.0183545 -1.0615187 -1.4075513 1.0101153 -0.56473949 0.94099325
1.1456157 -1.4759162 1.7021233 -0.24735267 0.085956961 0.46116037
-0.97277272 -1.3825464 -1.2165669 -0.51613493 -0.84780925 0.11745361
-0.57796502 -0.57393221 0.29934274 -0.93520703 1.8174532 -0.10239518
-1.5202977 -0.046530057 2.1920347 -1.1176497 0.0008018324 1.1099199
0.37908506 -1.3321753 0.56043858 0.064579088 2.5859437 -0.13457341
-1.6018318 -0.55792253 0.25391233 -1.5708405 0.99428653 0.66870238
